cusum_k: 443.00062561035156
cusum_h: 46883.42699203491
fpr_target: 0.01
